[gd_scene load_steps=23 format=3 uid="uid://cuxa68ugtcppc"]

[ext_resource type="Texture2D" uid="uid://ctscu5ge31gci" path="res://textures/grass.png" id="1_38s0k"]
[ext_resource type="Texture2D" uid="uid://ry2vsqmrmr8u" path="res://textures/d84b1ed4-5589-44ce-8183-f4eacd95267b_scaled_jpg.png" id="1_fcx1a"]
[ext_resource type="PackedScene" uid="uid://b33ffx2tmr73u" path="res://player/player.tscn" id="2_pq7jn"]
[ext_resource type="PackedScene" uid="uid://bgx27whg5yfrc" path="res://non_interactables/house/house.tscn" id="3_83u85"]
[ext_resource type="PackedScene" uid="uid://c7wqreduhy1da" path="res://interactables/exit_door/exit_door.tscn" id="4_kgclc"]
[ext_resource type="PackedScene" uid="uid://c8fpp5wnbkm35" path="res://interactables/key/key.tscn" id="5_5b8dt"]
[ext_resource type="PackedScene" uid="uid://cda2v0dih0t1q" path="res://interactables/polica/polica.tscn" id="6_xl8e8"]
[ext_resource type="PackedScene" uid="uid://chw107qet8jdu" path="res://interactables/bed/bed.tscn" id="7_qf5pl"]
[ext_resource type="PackedScene" uid="uid://5di38cfhy27a" path="res://levels/level1_suma/walls.tscn" id="8_mfpgo"]
[ext_resource type="PackedScene" uid="uid://cqc6bxv4jdsoa" path="res://non_interactables/tree/tree.tscn" id="8_sqqx3"]
[ext_resource type="PackedScene" uid="uid://cyx08if5nltpm" path="res://non_interactables/chain_fence.tscn" id="11_m5hf4"]
[ext_resource type="PackedScene" uid="uid://dcby50l1byagn" path="res://non_interactables/forest_walls.tscn" id="12_8bue7"]
[ext_resource type="PackedScene" uid="uid://bwgpwk18ixuvu" path="res://interactables/shovel_pickup/shovel_pickup.tscn" id="13_c6yii"]
[ext_resource type="PackedScene" uid="uid://dvgnb647ufxyb" path="res://non_interactables/bush/bush.tscn" id="14_3lghy"]
[ext_resource type="PackedScene" uid="uid://dd5fqgiibqlfg" path="res://non_interactables/grave/grave.tscn" id="15_hkla0"]

[sub_resource type="PanoramaSkyMaterial" id="PanoramaSkyMaterial_sjht5"]
panorama = ExtResource("1_fcx1a")

[sub_resource type="Sky" id="Sky_w6k0r"]
sky_material = SubResource("PanoramaSkyMaterial_sjht5")

[sub_resource type="Environment" id="Environment_labke"]
background_mode = 2
sky = SubResource("Sky_w6k0r")
tonemap_mode = 2
tonemap_exposure = 0.25

[sub_resource type="StandardMaterial3D" id="StandardMaterial3D_6pwuw"]
albedo_color = Color(0.529412, 0.529412, 0.529412, 1)
albedo_texture = ExtResource("1_38s0k")
uv1_scale = Vector3(24.32, 16.849, 16.849)

[sub_resource type="BoxMesh" id="BoxMesh_cf2d6"]
material = SubResource("StandardMaterial3D_6pwuw")
size = Vector3(160, 1, 120)

[sub_resource type="ConcavePolygonShape3D" id="ConcavePolygonShape3D_erejc"]
data = PackedVector3Array(-80, 0.5, 60, 80, 0.5, 60, -80, -0.5, 60, 80, 0.5, 60, 80, -0.5, 60, -80, -0.5, 60, 80, 0.5, -60, -80, 0.5, -60, 80, -0.5, -60, -80, 0.5, -60, -80, -0.5, -60, 80, -0.5, -60, 80, 0.5, 60, 80, 0.5, -60, 80, -0.5, 60, 80, 0.5, -60, 80, -0.5, -60, 80, -0.5, 60, -80, 0.5, -60, -80, 0.5, 60, -80, -0.5, -60, -80, 0.5, 60, -80, -0.5, 60, -80, -0.5, -60, 80, 0.5, 60, -80, 0.5, 60, 80, 0.5, -60, -80, 0.5, 60, -80, 0.5, -60, 80, 0.5, -60, -80, -0.5, 60, 80, -0.5, 60, -80, -0.5, -60, 80, -0.5, 60, 80, -0.5, -60, -80, -0.5, -60)

[sub_resource type="NavigationMesh" id="NavigationMesh_bk5pc"]
geometry_parsed_geometry_type = 2
geometry_source_geometry_mode = 1
geometry_source_group_name = &"navmesh"

[node name="Level1Suma" type="Node3D"]

[node name="DirectionalLight3D" type="DirectionalLight3D" parent="."]
transform = Transform3D(-0.866023, -0.433016, 0.250001, 0, 0.499998, 0.866027, -0.500003, 0.749999, -0.43301, 0, 0, 0)
shadow_enabled = true

[node name="WorldEnvironment" type="WorldEnvironment" parent="."]
environment = SubResource("Environment_labke")

[node name="Ground" type="MeshInstance3D" parent="." groups=["navmesh"]]
mesh = SubResource("BoxMesh_cf2d6")
metadata/_edit_lock_ = true

[node name="StaticBody3D" type="StaticBody3D" parent="Ground"]

[node name="CollisionShape3D" type="CollisionShape3D" parent="Ground/StaticBody3D"]
shape = SubResource("ConcavePolygonShape3D_erejc")

[node name="Player" parent="." instance=ExtResource("2_pq7jn")]
transform = Transform3D(-0.5, 0, -0.866025, 0, 1, 0, 0.866025, 0, -0.5, 28.3111, 0.500001, -6.1464)

[node name="Objects" type="Node3D" parent="."]

[node name="House" parent="Objects" instance=ExtResource("3_83u85")]
transform = Transform3D(0.749164, 0, -0.662385, 0, 1, 0, 0.662385, 0, 0.749164, -38.7388, 3.53145, -22.8675)

[node name="House2" parent="Objects" instance=ExtResource("3_83u85")]
transform = Transform3D(-0.131755, 3.46764e-10, 0.991282, 3.96024e-10, 1, -2.97175e-10, -0.991282, 3.53417e-10, -0.131755, 37.898, 3.50162, 29.4221)

[node name="exit_door" parent="Objects" instance=ExtResource("4_kgclc")]
transform = Transform3D(-3.49691e-08, 0, -0.8, 0, 0.8, 0, 0.8, 0, -3.49691e-08, 48.1055, 0.5, -5.50851)

[node name="bed" parent="Objects" instance=ExtResource("7_qf5pl")]
transform = Transform3D(0.7, 0, 0, 0, 0.7, 0, 0, 0, 0.7, 34.9595, 0.514619, 30.9135)

[node name="Polica" parent="Objects" instance=ExtResource("6_xl8e8")]
transform = Transform3D(-0.998835, 0, 0.0482571, 0, 1, 0, -0.0482571, 0, -0.998835, 43.0087, 0.514619, 30.1256)

[node name="Polica2" parent="Objects" instance=ExtResource("6_xl8e8")]
transform = Transform3D(1, 0, 0, 0, 1, 0, 0, 0, 1, -41.9863, 0.544449, -20.6965)

[node name="NavigationRegion3D" type="NavigationRegion3D" parent="."]
navigation_mesh = SubResource("NavigationMesh_bk5pc")

[node name="CSGCombiner3D" parent="." instance=ExtResource("8_mfpgo")]
visible = false
use_collision = false

[node name="Key" parent="." instance=ExtResource("5_5b8dt")]
transform = Transform3D(0.05, 0, 0, 0, -0.000121298, -0.0499999, 0, 0.0499999, -0.000121298, 40.5788, 0.507385, 29.0702)

[node name="Trees" type="Node3D" parent="."]

[node name="Tree" parent="Trees" instance=ExtResource("8_sqqx3")]
transform = Transform3D(1, 0, 0, 0, 1, 0, 0, 0, 1, -65.6167, 0.500004, -23.7499)

[node name="Tree2" parent="Trees" instance=ExtResource("8_sqqx3")]
transform = Transform3D(1, 0, 0, 0, 1, 0, 0, 0, 1, -73.8708, 0.5, -35.3339)

[node name="Tree3" parent="Trees" instance=ExtResource("8_sqqx3")]
transform = Transform3D(1, 0, 0, 0, 1, 0, 0, 0, 1, -63.9052, 0.5, -33.5581)

[node name="Tree4" parent="Trees" instance=ExtResource("8_sqqx3")]
transform = Transform3D(1, 0, 0, 0, 1, 0, 0, 0, 1, -73.3945, 0.5, 2.69024)

[node name="Tree5" parent="Trees" instance=ExtResource("8_sqqx3")]
transform = Transform3D(1, 0, 0, 0, 1, 0, 0, 0, 1, -65.0223, 0.5, 5.85901)

[node name="Tree6" parent="Trees" instance=ExtResource("8_sqqx3")]
transform = Transform3D(1, 0, 0, 0, 1, 0, 0, 0, 1, -63.3546, 0.500004, 22.3509)

[node name="Tree7" parent="Trees" instance=ExtResource("8_sqqx3")]
transform = Transform3D(1, 0, 0, 0, 1, 0, 0, 0, 1, -51.9374, 0.5, 10.9915)

[node name="Tree8" parent="Trees" instance=ExtResource("8_sqqx3")]
transform = Transform3D(1, 0, 0, 0, 1, 0, 0, 0, 1, -45.9684, 0.500004, 25.9217)

[node name="Tree9" parent="Trees" instance=ExtResource("8_sqqx3")]
transform = Transform3D(1, 0, 0, 0, 1, 0, 0, 0, 1, -14.8956, 0.5, 48.4348)

[node name="Tree10" parent="Trees" instance=ExtResource("8_sqqx3")]
transform = Transform3D(1, 0, 0, 0, 1, 0, 0, 0, 1, -10.7938, 0.5, 35.4686)

[node name="Tree11" parent="Trees" instance=ExtResource("8_sqqx3")]
transform = Transform3D(1, 0, 0, 0, 1, 0, 0, 0, 1, -11.5658, 0.500008, 13.76)

[node name="Tree12" parent="Trees" instance=ExtResource("8_sqqx3")]
transform = Transform3D(1, 0, 0, 0, 1, 0, 0, 0, 1, 18.6032, 0.500008, 9.69441)

[node name="Tree13" parent="Trees" instance=ExtResource("8_sqqx3")]
transform = Transform3D(1, 0, 0, 0, 1, 0, 0, 0, 1, -28.1714, 0.5, -15.0812)

[node name="Tree14" parent="Trees" instance=ExtResource("8_sqqx3")]
transform = Transform3D(1, 0, 0, 0, 1, 0, 0, 0, 1, -37.0826, 0.5, -2.57157)

[node name="Tree15" parent="Trees" instance=ExtResource("8_sqqx3")]
transform = Transform3D(1, 0, 0, 0, 1, 0, 0, 0, 1, -26.0929, 0.5, -46.0593)

[node name="Tree16" parent="Trees" instance=ExtResource("8_sqqx3")]
transform = Transform3D(1, 0, 0, 0, 1, 0, 0, 0, 1, -41.2946, 0.500004, -40.6734)

[node name="Tree17" parent="Trees" instance=ExtResource("8_sqqx3")]
transform = Transform3D(1, 0, 0, 0, 1, 0, 0, 0, 1, 3.99424, 0.500004, -35.5807)

[node name="Tree18" parent="Trees" instance=ExtResource("8_sqqx3")]
transform = Transform3D(1, 0, 0, 0, 1, 0, 0, 0, 1, 5.42035, 0.500004, -47.229)

[node name="Tree19" parent="Trees" instance=ExtResource("8_sqqx3")]
transform = Transform3D(1, 0, 0, 0, 1, 0, 0, 0, 1, -7.17475, 0.5, -47.9957)

[node name="Tree20" parent="Trees" instance=ExtResource("8_sqqx3")]
transform = Transform3D(1, 0, 0, 0, 1, 0, 0, 0, 1, 42.6006, 0.500004, -22.7414)

[node name="Tree21" parent="Trees" instance=ExtResource("8_sqqx3")]
transform = Transform3D(1, 0, 0, 0, 1, 0, 0, 0, 1, 53.8771, 0.500004, 21.6316)

[node name="Tree22" parent="Trees" instance=ExtResource("8_sqqx3")]
transform = Transform3D(1, 0, 0, 0, 1, 0, 0, 0, 1, 15.646, 0.5, 40.2733)

[node name="Tree23" parent="Trees" instance=ExtResource("8_sqqx3")]
transform = Transform3D(1, 0, 0, 0, 1, 0, 0, 0, 1, 36.9291, 0.499996, -39.3957)

[node name="Tree24" parent="Trees" instance=ExtResource("8_sqqx3")]
transform = Transform3D(1, 0, 0, 0, 1, 0, 0, 0, 1, 65.6835, 0.5, -22.7058)

[node name="Tree25" parent="Trees" instance=ExtResource("8_sqqx3")]
transform = Transform3D(1, 0, 0, 0, 1, 0, 0, 0, 1, 59.5569, 0.5, -40.5251)

[node name="Tree26" parent="Trees" instance=ExtResource("8_sqqx3")]
transform = Transform3D(1, 0, 0, 0, 1, 0, 0, 0, 1, 73.1377, 0.500008, 24.2141)

[node name="Tree27" parent="Trees" instance=ExtResource("8_sqqx3")]
transform = Transform3D(1, 0, 0, 0, 1, 0, 0, 0, 1, 53.4905, 0.500008, 51.8605)

[node name="forestWalls" parent="." instance=ExtResource("12_8bue7")]
transform = Transform3D(1, 0, 0, 0, 1, 0, 0, 0, 1, 2.143, 0, -1.263)

[node name="Fences" type="Node3D" parent="."]
transform = Transform3D(0.982874, 0, -0.184277, 0, 1, 0, 0.184277, 0, 0.982874, 6.14403, 0, 0)

[node name="ChainFence" parent="Fences" instance=ExtResource("11_m5hf4")]
transform = Transform3D(-0.171585, 0, -0.985169, 0, 1, 0, 0.985169, 0, -0.171585, 2.66277, 0.5, 16.7752)

[node name="ChainFence2" parent="Fences" instance=ExtResource("11_m5hf4")]
transform = Transform3D(0.0613795, 0, 0.998115, 0, 1, 0, -0.998115, 0, 0.0613795, 2.916, 0.5, 13.9481)

[node name="ChainFence3" parent="Fences" instance=ExtResource("11_m5hf4")]
transform = Transform3D(-0.106472, 0, -0.994316, 0, 1, 0, 0.994316, 0, -0.106472, 3.22732, 0.5, 11.0974)

[node name="ChainFence4" parent="Fences" instance=ExtResource("11_m5hf4")]
transform = Transform3D(0.124727, 0, 0.992191, 0, 1, 0, -0.992191, 0, 0.124727, 3.58536, 0.5, 8.47835)

[node name="ChainFence5" parent="Fences" instance=ExtResource("11_m5hf4")]
transform = Transform3D(0.10852, 0, -0.994094, 0, 1, 0, 0.994094, 0, 0.10852, 3.60066, 0.5, 5.60491)

[node name="ChainFence6" parent="Fences" instance=ExtResource("11_m5hf4")]
transform = Transform3D(-0.19319, 0, -0.981161, 0, 1, 0, 0.981161, 0, -0.19319, 2.13928, 0.473367, 19.6892)

[node name="ChainFence7" parent="Fences" instance=ExtResource("11_m5hf4")]
transform = Transform3D(0.143614, 0, 0.989634, 0, 1, 0, -0.989634, 0, 0.143614, 3.77588, 0.5, 2.83947)

[node name="ShovelPickup" parent="." instance=ExtResource("13_c6yii")]
transform = Transform3D(0.18169, 0.941996, 0.282191, -0.981903, 0.189387, -1.46017e-08, -0.0534432, -0.277084, 0.959358, 18.8445, 1.14464, 9.59998)

[node name="bush" parent="." instance=ExtResource("14_3lghy")]
transform = Transform3D(1, 0, 0, 0, 1, 0, 0, 0, 1, 35.219, 0.698778, -6.33872)

[node name="grave" parent="." instance=ExtResource("15_hkla0")]
transform = Transform3D(1, 0, 0, 0, 1, 0, 0, 0, 1, 34.8409, 0.5, -12.0757)
